no changes need

INSERT INTO `eav_entity_attribute` (`entity_type_id`, `attribute_set_id`, `attribute_group_id`, `attribute_id`, `sort_order`) VALUES
(4, 58, 557, 1313, 1),
(4, 36, 314, 1313, 1),
(4, 68, 667, 1313, 1),
(4, 60, 579, 1313, 1),
(4, 66, 645, 1313, 1),
(4, 20, 137, 1313, 1),
(4, 19, 126, 1313, 1),
(4, 46, 424, 1313, 1),
(4, 21, 149, 1313, 1),
(4, 24, 182, 1313, 1),
(4, 13, 60, 1313, 1),
(4, 57, 546, 1313, 1),
(4, 43, 391, 1313, 1),
(4, 49, 458, 1313, 1),
(4, 67, 656, 1313, 1),
(4, 55, 524, 1313, 1),
(4, 9, 34, 1313, 1),
(4, 31, 259, 1313, 1),
(4, 65, 634, 1313, 1),
(4, 11, 37, 1313, 1),
(4, 4, 35, 1313, 1),
(4, 39, 347, 1313, 1),
(4, 56, 535, 1313, 1),
(4, 45, 413, 1313, 1),
(4, 37, 325, 1313, 1),
(4, 47, 435, 1313, 1),
(4, 28, 226, 1313, 1),
(4, 38, 336, 1313, 1),
(4, 15, 82, 1313, 1),
(4, 62, 601, 1313, 1),
(4, 33, 281, 1313, 1),
(4, 48, 446, 1313, 1),
(4, 26, 204, 1313, 1),
(4, 41, 369, 1313, 1),
(4, 25, 193, 1313, 1),
(4, 30, 248, 1313, 1),
(4, 53, 502, 1313, 1),
(4, 34, 292, 1313, 1),
(4, 51, 480, 1313, 1),
(4, 29, 237, 1313, 1),
(4, 40, 358, 1313, 1),
(4, 52, 491, 1313, 1),
(4, 16, 93, 1313, 1),
(4, 35, 303, 1313, 1),
(4, 32, 270, 1313, 1),
(4, 22, 160, 1313, 1),
(4, 44, 402, 1313, 1),
(4, 59, 568, 1313, 1),
(4, 63, 612, 1313, 1),
(4, 42, 380, 1313, 1),
(4, 14, 71, 1313, 1),
(4, 23, 171, 1313, 1),
(4, 50, 469, 1313, 1),
(4, 54, 513, 1313, 1),
(4, 17, 104, 1313, 1);