INSERT INTO `catalog_category_entity_int` (`value_id`, `attribute_id`, `store_id`, `row_id`, `value`) VALUES
(2101, 46, 0, 277, 1),
(2102, 54, 0, 277, 1),
(2103, 69, 0, 277, 0),
(2104, 70, 0, 277, 0),
(2105, 71, 0, 277, 0),
(2106, 149, 0, 277, 0),
(2107, 154, 0, 277, 1),
(2115, 46, 0, 279, 1),
(2116, 54, 0, 279, 1),
(2117, 69, 0, 279, 1),
(2118, 70, 0, 279, 0),
(2119, 71, 0, 279, 0),
(2120, 149, 0, 279, 0),
(2121, 154, 0, 279, 1),
(2122, 46, 0, 280, 1),
(2123, 54, 0, 280, 1),
(2124, 69, 0, 280, 1),
(2125, 70, 0, 280, 1),
(2126, 71, 0, 280, 0),
(2127, 149, 0, 280, 0),
(2128, 154, 0, 280, 1),
(2129, 46, 0, 281, 1),
(2130, 54, 0, 281, 1),
(2131, 69, 0, 281, 1),
(2132, 70, 0, 281, 0),
(2133, 71, 0, 281, 0),
(2134, 149, 0, 281, 0),
(2135, 154, 0, 281, 1),
(2136, 46, 0, 282, 1),
(2137, 54, 0, 282, 1),
(2138, 69, 0, 282, 1),
(2139, 70, 0, 282, 0),
(2140, 71, 0, 282, 0),
(2141, 149, 0, 282, 0),
(2142, 154, 0, 282, 1),
(2143, 46, 0, 283, 1),
(2144, 54, 0, 283, 1),
(2145, 69, 0, 283, 1),
(2146, 70, 0, 283, 0),
(2147, 71, 0, 283, 0),
(2148, 149, 0, 283, 0),
(2149, 154, 0, 283, 1),
(2150, 46, 0, 284, 1),
(2151, 54, 0, 284, 1),
(2152, 69, 0, 284, 1),
(2153, 70, 0, 284, 0),
(2154, 71, 0, 284, 0),
(2155, 149, 0, 284, 0),
(2156, 154, 0, 284, 1),
(2157, 46, 0, 285, 1),
(2158, 54, 0, 285, 1),
(2159, 69, 0, 285, 1),
(2160, 70, 0, 285, 0),
(2161, 71, 0, 285, 0),
(2162, 149, 0, 285, 0),
(2163, 154, 0, 285, 1),
(2164, 46, 0, 286, 1),
(2165, 54, 0, 286, 1),
(2166, 69, 0, 286, 1),
(2167, 70, 0, 286, 0),
(2168, 71, 0, 286, 0),
(2169, 149, 0, 286, 0),
(2170, 154, 0, 286, 1),
(2171, 46, 0, 287, 1),
(2172, 54, 0, 287, 1),
(2173, 69, 0, 287, 1),
(2174, 70, 0, 287, 0),
(2175, 71, 0, 287, 0),
(2176, 149, 0, 287, 0),
(2177, 154, 0, 287, 1),
(2178, 46, 0, 288, 1),
(2179, 54, 0, 288, 1),
(2180, 69, 0, 288, 1),
(2181, 70, 0, 288, 0),
(2182, 71, 0, 288, 0),
(2183, 149, 0, 288, 0),
(2184, 154, 0, 288, 1),
(2185, 46, 0, 289, 1),
(2186, 54, 0, 289, 1),
(2187, 69, 0, 289, 1),
(2188, 70, 0, 289, 0),
(2189, 71, 0, 289, 0),
(2190, 149, 0, 289, 0),
(2191, 154, 0, 289, 1),
(2192, 46, 0, 290, 1),
(2193, 54, 0, 290, 1),
(2194, 69, 0, 290, 1),
(2195, 70, 0, 290, 0),
(2196, 71, 0, 290, 0),
(2197, 149, 0, 290, 0),
(2198, 154, 0, 290, 1),
(2199, 46, 0, 291, 1),
(2200, 54, 0, 291, 1),
(2201, 69, 0, 291, 1),
(2202, 70, 0, 291, 0),
(2203, 71, 0, 291, 0),
(2204, 149, 0, 291, 0),
(2205, 154, 0, 291, 1),
(2206, 46, 0, 292, 1),
(2207, 54, 0, 292, 1),
(2208, 69, 0, 292, 1),
(2209, 70, 0, 292, 0),
(2210, 71, 0, 292, 0),
(2211, 149, 0, 292, 0),
(2212, 154, 0, 292, 1),
(2213, 46, 0, 293, 1),
(2214, 54, 0, 293, 1),
(2215, 69, 0, 293, 1),
(2216, 70, 0, 293, 0),
(2217, 71, 0, 293, 0),
(2218, 149, 0, 293, 0),
(2219, 154, 0, 293, 1),
(2220, 46, 0, 294, 1),
(2221, 54, 0, 294, 1),
(2222, 69, 0, 294, 1),
(2223, 70, 0, 294, 0),
(2224, 71, 0, 294, 0),
(2225, 149, 0, 294, 0),
(2226, 154, 0, 294, 1),
(2227, 46, 0, 295, 1),
(2228, 54, 0, 295, 1),
(2229, 69, 0, 295, 1),
(2230, 70, 0, 295, 0),
(2231, 71, 0, 295, 0),
(2232, 149, 0, 295, 0),
(2233, 154, 0, 295, 1),
(2234, 46, 0, 296, 1),
(2235, 54, 0, 296, 1),
(2236, 69, 0, 296, 1),
(2237, 70, 0, 296, 0),
(2238, 71, 0, 296, 0),
(2239, 149, 0, 296, 0),
(2240, 154, 0, 296, 1),
(2241, 46, 0, 297, 1),
(2242, 54, 0, 297, 1),
(2243, 69, 0, 297, 1),
(2244, 70, 0, 297, 0),
(2245, 71, 0, 297, 0),
(2246, 149, 0, 297, 0),
(2247, 154, 0, 297, 1),
(2248, 46, 0, 298, 1),
(2249, 54, 0, 298, 1),
(2250, 69, 0, 298, 1),
(2251, 70, 0, 298, 0),
(2252, 71, 0, 298, 0),
(2253, 149, 0, 298, 0),
(2254, 154, 0, 298, 1),
(2255, 46, 0, 299, 1),
(2256, 54, 0, 299, 1),
(2257, 69, 0, 299, 1),
(2258, 70, 0, 299, 0),
(2259, 71, 0, 299, 0),
(2260, 149, 0, 299, 0),
(2261, 154, 0, 299, 1),
(2262, 46, 0, 300, 1),
(2263, 54, 0, 300, 1),
(2264, 69, 0, 300, 1),
(2265, 70, 0, 300, 0),
(2266, 71, 0, 300, 0),
(2267, 149, 0, 300, 0),
(2268, 154, 0, 300, 1),
(2269, 46, 0, 301, 1),
(2270, 54, 0, 301, 1),
(2271, 69, 0, 301, 1),
(2272, 70, 0, 301, 0),
(2273, 71, 0, 301, 0),
(2274, 149, 0, 301, 0),
(2275, 154, 0, 301, 1),
(2276, 46, 0, 302, 1),
(2277, 54, 0, 302, 1),
(2278, 69, 0, 302, 1),
(2279, 70, 0, 302, 0),
(2280, 71, 0, 302, 0),
(2281, 149, 0, 302, 0),
(2282, 154, 0, 302, 1),
(2283, 46, 0, 303, 1),
(2284, 54, 0, 303, 1),
(2285, 69, 0, 303, 1),
(2286, 70, 0, 303, 0),
(2287, 71, 0, 303, 0),
(2288, 149, 0, 303, 0),
(2289, 154, 0, 303, 1),
(2290, 46, 0, 304, 1),
(2291, 54, 0, 304, 1),
(2292, 69, 0, 304, 1),
(2293, 70, 0, 304, 0),
(2294, 71, 0, 304, 0),
(2295, 149, 0, 304, 0),
(2296, 154, 0, 304, 1),
(2297, 46, 0, 305, 1),
(2298, 54, 0, 305, 1),
(2299, 69, 0, 305, 1),
(2300, 70, 0, 305, 0),
(2301, 71, 0, 305, 0),
(2302, 149, 0, 305, 0),
(2303, 154, 0, 305, 1),
(2304, 46, 0, 306, 1),
(2305, 54, 0, 306, 1),
(2306, 69, 0, 306, 1),
(2307, 70, 0, 306, 0),
(2308, 71, 0, 306, 0),
(2309, 149, 0, 306, 0),
(2310, 154, 0, 306, 1),
(2311, 46, 0, 307, 1),
(2312, 54, 0, 307, 1),
(2313, 69, 0, 307, 1),
(2314, 70, 0, 307, 0),
(2315, 71, 0, 307, 0),
(2316, 149, 0, 307, 0),
(2317, 154, 0, 307, 1),
(2318, 46, 0, 308, 1),
(2319, 54, 0, 308, 1),
(2320, 69, 0, 308, 1),
(2321, 70, 0, 308, 0),
(2322, 71, 0, 308, 0),
(2323, 149, 0, 308, 0),
(2324, 154, 0, 308, 1),
(2325, 46, 0, 309, 1),
(2326, 54, 0, 309, 1),
(2327, 69, 0, 309, 1),
(2328, 70, 0, 309, 0),
(2329, 71, 0, 309, 0),
(2330, 149, 0, 309, 0),
(2331, 154, 0, 309, 1),
(2332, 46, 0, 310, 1),
(2333, 54, 0, 310, 1),
(2334, 69, 0, 310, 1),
(2335, 70, 0, 310, 0),
(2336, 71, 0, 310, 0),
(2337, 149, 0, 310, 0),
(2338, 154, 0, 310, 1),
(2339, 46, 0, 311, 1),
(2340, 54, 0, 311, 1),
(2341, 69, 0, 311, 1),
(2342, 70, 0, 311, 0),
(2343, 71, 0, 311, 0),
(2344, 149, 0, 311, 0),
(2345, 154, 0, 311, 1),
(2346, 46, 0, 312, 1),
(2347, 54, 0, 312, 1),
(2348, 69, 0, 312, 1),
(2349, 70, 0, 312, 0),
(2350, 71, 0, 312, 0),
(2351, 149, 0, 312, 0),
(2352, 154, 0, 312, 1),
(2353, 46, 0, 313, 1),
(2354, 54, 0, 313, 1),
(2355, 69, 0, 313, 1),
(2356, 70, 0, 313, 0),
(2357, 71, 0, 313, 0),
(2358, 149, 0, 313, 0),
(2359, 154, 0, 313, 1),
(2360, 46, 0, 314, 1),
(2361, 54, 0, 314, 1),
(2362, 69, 0, 314, 1),
(2363, 70, 0, 314, 0),
(2364, 71, 0, 314, 0),
(2365, 149, 0, 314, 0),
(2366, 154, 0, 314, 1),
(2367, 46, 0, 315, 1),
(2368, 54, 0, 315, 1),
(2369, 69, 0, 315, 1),
(2370, 70, 0, 315, 0),
(2371, 71, 0, 315, 0),
(2372, 149, 0, 315, 0),
(2373, 154, 0, 315, 1),
(2374, 46, 0, 316, 1),
(2375, 54, 0, 316, 1),
(2376, 69, 0, 316, 1),
(2377, 70, 0, 316, 0),
(2378, 71, 0, 316, 0),
(2379, 149, 0, 316, 0),
(2380, 154, 0, 316, 1),
(2381, 46, 0, 317, 1),
(2382, 54, 0, 317, 1),
(2383, 69, 0, 317, 1),
(2384, 70, 0, 317, 0),
(2385, 71, 0, 317, 0),
(2386, 149, 0, 317, 0),
(2387, 154, 0, 317, 1),
(2388, 46, 0, 318, 1),
(2389, 54, 0, 318, 1),
(2390, 69, 0, 318, 1),
(2391, 70, 0, 318, 0),
(2392, 71, 0, 318, 0),
(2393, 149, 0, 318, 0),
(2394, 154, 0, 318, 1),
(2395, 46, 0, 319, 1),
(2396, 54, 0, 319, 1),
(2397, 69, 0, 319, 1),
(2398, 70, 0, 319, 0),
(2399, 71, 0, 319, 0),
(2400, 149, 0, 319, 0),
(2401, 154, 0, 319, 1),
(2402, 46, 0, 320, 1),
(2403, 54, 0, 320, 1),
(2404, 69, 0, 320, 1),
(2405, 70, 0, 320, 0),
(2406, 71, 0, 320, 0),
(2407, 149, 0, 320, 0),
(2408, 154, 0, 320, 1),
(2409, 46, 0, 321, 1),
(2410, 54, 0, 321, 1),
(2411, 69, 0, 321, 1),
(2412, 70, 0, 321, 0),
(2413, 71, 0, 321, 0),
(2414, 149, 0, 321, 0),
(2415, 154, 0, 321, 1),
(2416, 46, 0, 322, 1),
(2417, 54, 0, 322, 1),
(2418, 69, 0, 322, 1),
(2419, 70, 0, 322, 0),
(2420, 71, 0, 322, 0),
(2421, 149, 0, 322, 0),
(2422, 154, 0, 322, 1),
(2423, 46, 0, 323, 1),
(2424, 54, 0, 323, 1),
(2425, 69, 0, 323, 1),
(2426, 70, 0, 323, 0),
(2427, 71, 0, 323, 0),
(2428, 149, 0, 323, 0),
(2429, 154, 0, 323, 1),
(2430, 46, 0, 324, 1),
(2431, 54, 0, 324, 1),
(2432, 69, 0, 324, 1),
(2433, 70, 0, 324, 0),
(2434, 71, 0, 324, 0),
(2435, 149, 0, 324, 0),
(2436, 154, 0, 324, 1),
(2437, 46, 0, 325, 1),
(2438, 54, 0, 325, 1),
(2439, 69, 0, 325, 1),
(2440, 70, 0, 325, 0),
(2441, 71, 0, 325, 0),
(2442, 149, 0, 325, 0),
(2443, 154, 0, 325, 1),
(2444, 46, 0, 326, 1),
(2445, 54, 0, 326, 1),
(2446, 69, 0, 326, 1),
(2447, 70, 0, 326, 0),
(2448, 71, 0, 326, 0),
(2449, 149, 0, 326, 0),
(2450, 154, 0, 326, 1),
(2451, 46, 0, 327, 1),
(2452, 54, 0, 327, 1),
(2453, 69, 0, 327, 1),
(2454, 70, 0, 327, 0),
(2455, 71, 0, 327, 0),
(2456, 149, 0, 327, 0),
(2457, 154, 0, 327, 1),
(2458, 46, 0, 328, 1),
(2459, 54, 0, 328, 1),
(2460, 69, 0, 328, 1),
(2461, 70, 0, 328, 0),
(2462, 71, 0, 328, 0),
(2463, 149, 0, 328, 0),
(2464, 154, 0, 328, 1),
(2465, 46, 0, 329, 1),
(2466, 54, 0, 329, 1),
(2467, 69, 0, 329, 1),
(2468, 70, 0, 329, 0),
(2469, 71, 0, 329, 0),
(2470, 149, 0, 329, 0),
(2471, 154, 0, 329, 1),
(2472, 46, 0, 330, 1),
(2473, 54, 0, 330, 1),
(2474, 69, 0, 330, 1),
(2475, 70, 0, 330, 0),
(2476, 71, 0, 330, 0),
(2477, 149, 0, 330, 0),
(2478, 154, 0, 330, 1),
(2479, 46, 0, 331, 1),
(2480, 54, 0, 331, 1),
(2481, 69, 0, 331, 1),
(2482, 70, 0, 331, 0),
(2483, 71, 0, 331, 0),
(2484, 149, 0, 331, 0),
(2485, 154, 0, 331, 1),
(2486, 46, 0, 332, 1),
(2487, 54, 0, 332, 1),
(2488, 69, 0, 332, 1),
(2489, 70, 0, 332, 0),
(2490, 71, 0, 332, 0),
(2491, 149, 0, 332, 0),
(2492, 154, 0, 332, 1),
(2493, 46, 0, 333, 1),
(2494, 54, 0, 333, 1),
(2495, 69, 0, 333, 1),
(2496, 70, 0, 333, 0),
(2497, 71, 0, 333, 0),
(2498, 149, 0, 333, 0),
(2499, 154, 0, 333, 1),
(2500, 46, 0, 334, 1),
(2501, 54, 0, 334, 1),
(2502, 69, 0, 334, 1),
(2503, 70, 0, 334, 0),
(2504, 71, 0, 334, 0),
(2505, 149, 0, 334, 0),
(2506, 154, 0, 334, 1),
(2507, 46, 0, 335, 1),
(2508, 54, 0, 335, 1),
(2509, 69, 0, 335, 1),
(2510, 70, 0, 335, 0),
(2511, 71, 0, 335, 0),
(2512, 149, 0, 335, 0),
(2513, 154, 0, 335, 1),
(2514, 46, 0, 336, 1),
(2515, 54, 0, 336, 1),
(2516, 69, 0, 336, 1),
(2517, 70, 0, 336, 0),
(2518, 71, 0, 336, 0),
(2519, 149, 0, 336, 0),
(2520, 154, 0, 336, 1),
(2521, 46, 0, 337, 1),
(2522, 54, 0, 337, 1),
(2523, 69, 0, 337, 1),
(2524, 70, 0, 337, 0),
(2525, 71, 0, 337, 0),
(2526, 149, 0, 337, 0),
(2527, 154, 0, 337, 1),
(2528, 46, 0, 338, 1),
(2529, 54, 0, 338, 1),
(2530, 69, 0, 338, 1),
(2531, 70, 0, 338, 0),
(2532, 71, 0, 338, 0),
(2533, 149, 0, 338, 0),
(2534, 154, 0, 338, 1),
(2535, 46, 0, 339, 1),
(2536, 54, 0, 339, 1),
(2537, 69, 0, 339, 1),
(2538, 70, 0, 339, 0),
(2539, 71, 0, 339, 0),
(2540, 149, 0, 339, 0),
(2541, 154, 0, 339, 1),
(2542, 46, 0, 340, 1),
(2543, 54, 0, 340, 1),
(2544, 69, 0, 340, 1),
(2545, 70, 0, 340, 0),
(2546, 71, 0, 340, 0),
(2547, 149, 0, 340, 0),
(2548, 154, 0, 340, 1),
(2549, 46, 0, 341, 1),
(2550, 54, 0, 341, 1),
(2551, 69, 0, 341, 1),
(2552, 70, 0, 341, 0),
(2553, 71, 0, 341, 0),
(2554, 149, 0, 341, 0),
(2555, 154, 0, 341, 1),
(2556, 46, 0, 342, 1),
(2557, 54, 0, 342, 1),
(2558, 69, 0, 342, 1),
(2559, 70, 0, 342, 0),
(2560, 71, 0, 342, 0),
(2561, 149, 0, 342, 0),
(2562, 154, 0, 342, 1),
(2563, 46, 0, 343, 1),
(2564, 54, 0, 343, 1),
(2565, 69, 0, 343, 1),
(2566, 70, 0, 343, 0),
(2567, 71, 0, 343, 0),
(2568, 149, 0, 343, 0),
(2569, 154, 0, 343, 1),
(2570, 46, 0, 344, 1),
(2571, 54, 0, 344, 1),
(2572, 69, 0, 344, 1),
(2573, 70, 0, 344, 0),
(2574, 71, 0, 344, 0),
(2575, 149, 0, 344, 0),
(2576, 154, 0, 344, 1),
(2577, 46, 0, 345, 1),
(2578, 54, 0, 345, 1),
(2579, 69, 0, 345, 1),
(2580, 70, 0, 345, 0),
(2581, 71, 0, 345, 0),
(2582, 149, 0, 345, 0),
(2583, 154, 0, 345, 1),
(2584, 46, 0, 346, 1),
(2585, 54, 0, 346, 1),
(2586, 69, 0, 346, 1),
(2587, 70, 0, 346, 0),
(2588, 71, 0, 346, 0),
(2589, 149, 0, 346, 0),
(2590, 154, 0, 346, 1),
(2591, 46, 0, 347, 1),
(2592, 54, 0, 347, 1),
(2593, 69, 0, 347, 1),
(2594, 70, 0, 347, 0),
(2595, 71, 0, 347, 0),
(2596, 149, 0, 347, 0),
(2597, 154, 0, 347, 1),
(2598, 46, 0, 348, 1),
(2599, 54, 0, 348, 1),
(2600, 69, 0, 348, 1),
(2601, 70, 0, 348, 0),
(2602, 71, 0, 348, 0),
(2603, 149, 0, 348, 0),
(2604, 154, 0, 348, 1),
(2605, 46, 0, 349, 1),
(2606, 54, 0, 349, 1),
(2607, 69, 0, 349, 1),
(2608, 70, 0, 349, 0),
(2609, 71, 0, 349, 0),
(2610, 149, 0, 349, 0),
(2611, 154, 0, 349, 1),
(2612, 46, 0, 350, 1),
(2613, 54, 0, 350, 1),
(2614, 69, 0, 350, 1),
(2615, 70, 0, 350, 0),
(2616, 71, 0, 350, 0),
(2617, 149, 0, 350, 0),
(2618, 154, 0, 350, 1),
(2619, 46, 0, 351, 1),
(2620, 54, 0, 351, 1),
(2621, 69, 0, 351, 1),
(2622, 70, 0, 351, 0),
(2623, 71, 0, 351, 0),
(2624, 149, 0, 351, 0),
(2625, 154, 0, 351, 1),
(2633, 46, 0, 353, 1),
(2634, 54, 0, 353, 1),
(2635, 69, 0, 353, 1),
(2636, 70, 0, 353, 0),
(2637, 71, 0, 353, 0),
(2638, 149, 0, 353, 0),
(2639, 154, 0, 353, 1),
(2640, 53, 0, 351, NULL),
(2644, 46, 0, 354, 1),
(2645, 54, 0, 354, 1),
(2646, 69, 0, 354, 1),
(2647, 70, 0, 354, 0),
(2648, 71, 0, 354, 0),
(2649, 149, 0, 354, 0),
(2650, 154, 0, 354, 1),
(2651, 46, 0, 355, 1),
(2652, 54, 0, 355, 1),
(2653, 69, 0, 355, 1),
(2654, 70, 0, 355, 0),
(2655, 71, 0, 355, 0),
(2656, 149, 0, 355, 0),
(2657, 154, 0, 355, 1),
(2658, 46, 0, 356, 1),
(2659, 54, 0, 356, 1),
(2660, 69, 0, 356, 1),
(2661, 70, 0, 356, 0),
(2662, 71, 0, 356, 0),
(2663, 149, 0, 356, 0),
(2664, 154, 0, 356, 1),
(2665, 46, 0, 357, 1),
(2666, 54, 0, 357, 1),
(2667, 69, 0, 357, 1),
(2668, 70, 0, 357, 0),
(2669, 71, 0, 357, 0),
(2670, 149, 0, 357, 0),
(2671, 154, 0, 357, 1),
(2672, 46, 0, 358, 1),
(2673, 54, 0, 358, 1),
(2674, 69, 0, 358, 1),
(2675, 70, 0, 358, 0),
(2676, 71, 0, 358, 0),
(2677, 149, 0, 358, 0),
(2678, 154, 0, 358, 1),
(2679, 46, 0, 359, 1),
(2680, 54, 0, 359, 1),
(2681, 69, 0, 359, 1),
(2682, 70, 0, 359, 0),
(2683, 71, 0, 359, 0),
(2684, 149, 0, 359, 0),
(2685, 154, 0, 359, 1),
(2686, 46, 0, 360, 1),
(2687, 54, 0, 360, 1),
(2688, 69, 0, 360, 1),
(2689, 70, 0, 360, 0),
(2690, 71, 0, 360, 0),
(2691, 149, 0, 360, 0),
(2692, 154, 0, 360, 1),
(2693, 46, 0, 361, 1),
(2694, 54, 0, 361, 1),
(2695, 69, 0, 361, 1),
(2696, 70, 0, 361, 0),
(2697, 71, 0, 361, 0),
(2698, 149, 0, 361, 0),
(2699, 154, 0, 361, 1),
(2700, 46, 0, 362, 1),
(2701, 54, 0, 362, 1),
(2702, 69, 0, 362, 1),
(2703, 70, 0, 362, 0),
(2704, 71, 0, 362, 0),
(2705, 149, 0, 362, 0),
(2706, 154, 0, 362, 1),
(2707, 46, 0, 363, 1),
(2708, 54, 0, 363, 1),
(2709, 69, 0, 363, 1),
(2710, 70, 0, 363, 0),
(2711, 71, 0, 363, 0),
(2712, 149, 0, 363, 0),
(2713, 154, 0, 363, 1),
(2714, 46, 0, 364, 1),
(2715, 54, 0, 364, 1),
(2716, 69, 0, 364, 1),
(2717, 70, 0, 364, 0),
(2718, 71, 0, 364, 0),
(2719, 149, 0, 364, 0),
(2720, 154, 0, 364, 1),
(2721, 46, 0, 365, 1),
(2722, 54, 0, 365, 1),
(2723, 69, 0, 365, 1),
(2724, 70, 0, 365, 0),
(2725, 71, 0, 365, 0),
(2726, 149, 0, 365, 0),
(2727, 154, 0, 365, 1),
(2728, 46, 0, 366, 1),
(2729, 54, 0, 366, 1),
(2730, 69, 0, 366, 1),
(2731, 70, 0, 366, 0),
(2732, 71, 0, 366, 0),
(2733, 149, 0, 366, 0),
(2734, 154, 0, 366, 1),
(2735, 46, 0, 367, 1),
(2736, 54, 0, 367, 1),
(2737, 69, 0, 367, 1),
(2738, 70, 0, 367, 0),
(2739, 71, 0, 367, 0),
(2740, 149, 0, 367, 0),
(2741, 154, 0, 367, 1),
(2742, 46, 0, 368, 1),
(2743, 54, 0, 368, 1),
(2744, 69, 0, 368, 1),
(2745, 70, 0, 368, 0),
(2746, 71, 0, 368, 0),
(2747, 149, 0, 368, 0),
(2748, 154, 0, 368, 1),
(2749, 46, 0, 369, 1),
(2750, 54, 0, 369, 1),
(2751, 69, 0, 369, 1),
(2752, 70, 0, 369, 0),
(2753, 71, 0, 369, 0),
(2754, 149, 0, 369, 0),
(2755, 154, 0, 369, 1),
(2756, 46, 0, 370, 1),
(2757, 54, 0, 370, 1),
(2758, 69, 0, 370, 1),
(2759, 70, 0, 370, 0),
(2760, 71, 0, 370, 0),
(2761, 149, 0, 370, 0),
(2762, 154, 0, 370, 1),
(2763, 46, 0, 371, 1),
(2764, 54, 0, 371, 1),
(2765, 69, 0, 371, 1),
(2766, 70, 0, 371, 0),
(2767, 71, 0, 371, 0),
(2768, 149, 0, 371, 0),
(2769, 154, 0, 371, 1),
(2770, 46, 0, 372, 1),
(2771, 54, 0, 372, 1),
(2772, 69, 0, 372, 1),
(2773, 70, 0, 372, 0),
(2774, 71, 0, 372, 0),
(2775, 149, 0, 372, 0),
(2776, 154, 0, 372, 1),
(2777, 46, 0, 373, 1),
(2778, 54, 0, 373, 1),
(2779, 69, 0, 373, 1),
(2780, 70, 0, 373, 0),
(2781, 71, 0, 373, 0),
(2782, 149, 0, 373, 0),
(2783, 154, 0, 373, 1),
(2784, 46, 0, 374, 1),
(2785, 54, 0, 374, 1),
(2786, 69, 0, 374, 1),
(2787, 70, 0, 374, 0),
(2788, 71, 0, 374, 0),
(2789, 149, 0, 374, 0),
(2790, 154, 0, 374, 1),
(2791, 46, 0, 375, 1),
(2792, 54, 0, 375, 1),
(2793, 69, 0, 375, 1),
(2794, 70, 0, 375, 0),
(2795, 71, 0, 375, 0),
(2796, 149, 0, 375, 0),
(2797, 154, 0, 375, 1),
(2798, 46, 0, 376, 1),
(2799, 54, 0, 376, 1),
(2800, 69, 0, 376, 1),
(2801, 70, 0, 376, 0),
(2802, 71, 0, 376, 0),
(2803, 149, 0, 376, 0),
(2804, 154, 0, 376, 1),
(2805, 46, 0, 377, 1),
(2806, 54, 0, 377, 1),
(2807, 69, 0, 377, 1),
(2808, 70, 0, 377, 0),
(2809, 71, 0, 377, 0),
(2810, 149, 0, 377, 0),
(2811, 154, 0, 377, 1),
(2812, 46, 0, 378, 1),
(2813, 54, 0, 378, 1),
(2814, 69, 0, 378, 1),
(2815, 70, 0, 378, 0),
(2816, 71, 0, 378, 0),
(2817, 149, 0, 378, 0),
(2818, 154, 0, 378, 1),
(2819, 46, 0, 379, 1),
(2820, 54, 0, 379, 1),
(2821, 69, 0, 379, 1),
(2822, 70, 0, 379, 0),
(2823, 71, 0, 379, 0),
(2824, 149, 0, 379, 0),
(2825, 154, 0, 379, 1),
(2826, 46, 0, 380, 1),
(2827, 54, 0, 380, 1),
(2828, 69, 0, 380, 1),
(2829, 70, 0, 380, 0),
(2830, 71, 0, 380, 0),
(2831, 149, 0, 380, 0),
(2832, 154, 0, 380, 1),
(2833, 46, 0, 381, 1),
(2834, 54, 0, 381, 1),
(2835, 69, 0, 381, 1),
(2836, 70, 0, 381, 0),
(2837, 71, 0, 381, 0),
(2838, 149, 0, 381, 0),
(2839, 154, 0, 381, 1),
(2840, 46, 0, 382, 1),
(2841, 54, 0, 382, 1),
(2842, 69, 0, 382, 1),
(2843, 70, 0, 382, 0),
(2844, 71, 0, 382, 0),
(2845, 149, 0, 382, 0),
(2846, 154, 0, 382, 1),
(2847, 46, 0, 383, 1),
(2848, 54, 0, 383, 1),
(2849, 69, 0, 383, 1),
(2850, 70, 0, 383, 0),
(2851, 71, 0, 383, 0),
(2852, 149, 0, 383, 0),
(2853, 154, 0, 383, 1),
(2854, 46, 0, 384, 1),
(2855, 54, 0, 384, 1),
(2856, 69, 0, 384, 1),
(2857, 70, 0, 384, 0),
(2858, 71, 0, 384, 0),
(2859, 149, 0, 384, 0),
(2860, 154, 0, 384, 1),
(2861, 46, 0, 385, 1),
(2862, 54, 0, 385, 1),
(2863, 69, 0, 385, 1),
(2864, 70, 0, 385, 0),
(2865, 71, 0, 385, 0),
(2866, 149, 0, 385, 0),
(2867, 154, 0, 385, 1),
(2868, 46, 0, 386, 1),
(2869, 54, 0, 386, 1),
(2870, 69, 0, 386, 1),
(2871, 70, 0, 386, 0),
(2872, 71, 0, 386, 0),
(2873, 149, 0, 386, 0),
(2874, 154, 0, 386, 1),
(2875, 46, 0, 387, 1),
(2876, 54, 0, 387, 1),
(2877, 69, 0, 387, 1),
(2878, 70, 0, 387, 0),
(2879, 71, 0, 387, 0),
(2880, 149, 0, 387, 0),
(2881, 154, 0, 387, 1),
(2882, 46, 0, 388, 1),
(2883, 54, 0, 388, 1),
(2884, 69, 0, 388, 1),
(2885, 70, 0, 388, 0),
(2886, 71, 0, 388, 0),
(2887, 149, 0, 388, 0),
(2888, 154, 0, 388, 1),
(2889, 46, 0, 389, 1),
(2890, 54, 0, 389, 1),
(2891, 69, 0, 389, 1),
(2892, 70, 0, 389, 0),
(2893, 71, 0, 389, 0),
(2894, 149, 0, 389, 0),
(2895, 154, 0, 389, 1),
(2896, 46, 0, 390, 1),
(2897, 54, 0, 390, 1),
(2898, 69, 0, 390, 1),
(2899, 70, 0, 390, 0),
(2900, 71, 0, 390, 0),
(2901, 149, 0, 390, 0),
(2902, 154, 0, 390, 1),
(2903, 46, 0, 391, 1),
(2904, 54, 0, 391, 1),
(2905, 69, 0, 391, 1),
(2906, 70, 0, 391, 0),
(2907, 71, 0, 391, 0),
(2908, 149, 0, 391, 0),
(2909, 154, 0, 391, 1),
(2910, 46, 0, 392, 1),
(2911, 54, 0, 392, 1),
(2912, 69, 0, 392, 1),
(2913, 70, 0, 392, 0),
(2914, 71, 0, 392, 0),
(2915, 149, 0, 392, 0),
(2916, 154, 0, 392, 1),
(2917, 46, 0, 393, 1),
(2918, 54, 0, 393, 1),
(2919, 69, 0, 393, 1),
(2920, 70, 0, 393, 0),
(2921, 71, 0, 393, 0),
(2922, 149, 0, 393, 0),
(2923, 154, 0, 393, 1),
(2924, 46, 0, 394, 1),
(2925, 54, 0, 394, 1),
(2926, 69, 0, 394, 1),
(2927, 70, 0, 394, 0),
(2928, 71, 0, 394, 0),
(2929, 149, 0, 394, 0),
(2930, 154, 0, 394, 1),
(2931, 46, 0, 395, 1),
(2932, 54, 0, 395, 1),
(2933, 69, 0, 395, 1),
(2934, 70, 0, 395, 0),
(2935, 71, 0, 395, 0),
(2936, 149, 0, 395, 0),
(2937, 154, 0, 395, 1),
(2938, 46, 0, 396, 1),
(2939, 54, 0, 396, 1),
(2940, 69, 0, 396, 1),
(2941, 70, 0, 396, 0),
(2942, 71, 0, 396, 0),
(2943, 149, 0, 396, 0),
(2944, 154, 0, 396, 1),
(2945, 46, 0, 397, 1),
(2946, 54, 0, 397, 1),
(2947, 69, 0, 397, 1),
(2948, 70, 0, 397, 0),
(2949, 71, 0, 397, 0),
(2950, 149, 0, 397, 0),
(2951, 154, 0, 397, 1),
(2952, 46, 0, 398, 1),
(2953, 54, 0, 398, 1),
(2954, 69, 0, 398, 1),
(2955, 70, 0, 398, 0),
(2956, 71, 0, 398, 0),
(2957, 149, 0, 398, 0),
(2958, 154, 0, 398, 1),
(2959, 46, 0, 399, 1),
(2960, 54, 0, 399, 1),
(2961, 69, 0, 399, 1),
(2962, 70, 0, 399, 0),
(2963, 71, 0, 399, 0),
(2964, 149, 0, 399, 0),
(2965, 154, 0, 399, 1),
(2966, 46, 0, 400, 1),
(2967, 54, 0, 400, 1),
(2968, 69, 0, 400, 1),
(2969, 70, 0, 400, 0),
(2970, 71, 0, 400, 0),
(2971, 149, 0, 400, 0),
(2972, 154, 0, 400, 1),
(2973, 46, 0, 401, 1),
(2974, 54, 0, 401, 1),
(2975, 69, 0, 401, 1),
(2976, 70, 0, 401, 0),
(2977, 71, 0, 401, 0),
(2978, 149, 0, 401, 0),
(2979, 154, 0, 401, 1),
(2980, 46, 0, 402, 1),
(2981, 54, 0, 402, 1),
(2982, 69, 0, 402, 1),
(2983, 70, 0, 402, 0),
(2984, 71, 0, 402, 0),
(2985, 149, 0, 402, 0),
(2986, 154, 0, 402, 1),
(2987, 46, 0, 403, 1),
(2988, 54, 0, 403, 1),
(2989, 69, 0, 403, 1),
(2990, 70, 0, 403, 0),
(2991, 71, 0, 403, 0),
(2992, 149, 0, 403, 0),
(2993, 154, 0, 403, 1),
(2994, 46, 0, 404, 1),
(2995, 54, 0, 404, 1),
(2996, 69, 0, 404, 1),
(2997, 70, 0, 404, 0),
(2998, 71, 0, 404, 0),
(2999, 149, 0, 404, 0),
(3000, 154, 0, 404, 1),
(3001, 46, 0, 405, 1),
(3002, 54, 0, 405, 1),
(3003, 69, 0, 405, 1),
(3004, 70, 0, 405, 0),
(3005, 71, 0, 405, 0),
(3006, 149, 0, 405, 0),
(3007, 154, 0, 405, 1),
(3008, 46, 0, 406, 1),
(3009, 54, 0, 406, 1),
(3010, 69, 0, 406, 1),
(3011, 70, 0, 406, 0),
(3012, 71, 0, 406, 0),
(3013, 149, 0, 406, 0),
(3014, 154, 0, 406, 1),
(3015, 46, 0, 407, 1),
(3016, 54, 0, 407, 1),
(3017, 69, 0, 407, 1),
(3018, 70, 0, 407, 0),
(3019, 71, 0, 407, 0),
(3020, 149, 0, 407, 0),
(3021, 154, 0, 407, 1),
(3022, 46, 0, 408, 1),
(3023, 54, 0, 408, 1),
(3024, 69, 0, 408, 1),
(3025, 70, 0, 408, 0),
(3026, 71, 0, 408, 0),
(3027, 149, 0, 408, 0),
(3028, 154, 0, 408, 1),
(3029, 46, 0, 409, 1),
(3030, 54, 0, 409, 1),
(3031, 69, 0, 409, 1),
(3032, 70, 0, 409, 0),
(3033, 71, 0, 409, 0),
(3034, 149, 0, 409, 0),
(3035, 154, 0, 409, 1),
(3036, 46, 0, 410, 1),
(3037, 54, 0, 410, 1),
(3038, 69, 0, 410, 1),
(3039, 70, 0, 410, 0),
(3040, 71, 0, 410, 0),
(3041, 149, 0, 410, 0),
(3042, 154, 0, 410, 1),
(3043, 46, 0, 411, 1),
(3044, 54, 0, 411, 1),
(3045, 69, 0, 411, 1),
(3046, 70, 0, 411, 0),
(3047, 71, 0, 411, 0),
(3048, 149, 0, 411, 0),
(3049, 154, 0, 411, 1),
(3050, 46, 0, 412, 1),
(3051, 54, 0, 412, 1),
(3052, 69, 0, 412, 1),
(3053, 70, 0, 412, 0),
(3054, 71, 0, 412, 0),
(3055, 149, 0, 412, 0),
(3056, 154, 0, 412, 1),
(3057, 46, 0, 413, 1),
(3058, 54, 0, 413, 1),
(3059, 69, 0, 413, 1),
(3060, 70, 0, 413, 0),
(3061, 71, 0, 413, 0),
(3062, 149, 0, 413, 0),
(3063, 154, 0, 413, 1),
(3064, 46, 0, 414, 1),
(3065, 54, 0, 414, 1),
(3066, 69, 0, 414, 1),
(3067, 70, 0, 414, 0),
(3068, 71, 0, 414, 0),
(3069, 149, 0, 414, 0),
(3070, 154, 0, 414, 1),
(3071, 46, 0, 415, 1),
(3072, 54, 0, 415, 1),
(3073, 69, 0, 415, 1),
(3074, 70, 0, 415, 0),
(3075, 71, 0, 415, 0),
(3076, 149, 0, 415, 0),
(3077, 154, 0, 415, 1),
(3078, 46, 0, 416, 1),
(3079, 54, 0, 416, 1),
(3080, 69, 0, 416, 1),
(3081, 70, 0, 416, 0),
(3082, 71, 0, 416, 0),
(3083, 149, 0, 416, 0),
(3084, 154, 0, 416, 1),
(3085, 46, 0, 417, 1),
(3086, 54, 0, 417, 1),
(3087, 69, 0, 417, 1),
(3088, 70, 0, 417, 0),
(3089, 71, 0, 417, 0),
(3090, 149, 0, 417, 0),
(3091, 154, 0, 417, 1),
(3092, 46, 0, 418, 1),
(3093, 54, 0, 418, 1),
(3094, 69, 0, 418, 1),
(3095, 70, 0, 418, 0),
(3096, 71, 0, 418, 0),
(3097, 149, 0, 418, 0),
(3098, 154, 0, 418, 1),
(3099, 46, 0, 419, 1),
(3100, 54, 0, 419, 1),
(3101, 69, 0, 419, 1),
(3102, 70, 0, 419, 0),
(3103, 71, 0, 419, 0),
(3104, 149, 0, 419, 0),
(3105, 154, 0, 419, 1),
(3106, 46, 0, 420, 1),
(3107, 54, 0, 420, 1),
(3108, 69, 0, 420, 1),
(3109, 70, 0, 420, 0),
(3110, 71, 0, 420, 0),
(3111, 149, 0, 420, 0),
(3112, 154, 0, 420, 1),
(3113, 46, 0, 421, 1),
(3114, 54, 0, 421, 1),
(3115, 69, 0, 421, 1),
(3116, 70, 0, 421, 0),
(3117, 71, 0, 421, 0),
(3118, 149, 0, 421, 0),
(3119, 154, 0, 421, 1),
(3120, 46, 0, 422, 1),
(3121, 54, 0, 422, 1),
(3122, 69, 0, 422, 1),
(3123, 70, 0, 422, 0),
(3124, 71, 0, 422, 0),
(3125, 149, 0, 422, 0),
(3126, 154, 0, 422, 1),
(3127, 46, 0, 423, 1),
(3128, 54, 0, 423, 1),
(3129, 69, 0, 423, 1),
(3130, 70, 0, 423, 0),
(3131, 71, 0, 423, 0),
(3132, 149, 0, 423, 0),
(3133, 154, 0, 423, 1),
(3134, 46, 0, 424, 1),
(3135, 54, 0, 424, 1),
(3136, 69, 0, 424, 1),
(3137, 70, 0, 424, 0),
(3138, 71, 0, 424, 0),
(3139, 149, 0, 424, 0),
(3140, 154, 0, 424, 1),
(3141, 46, 0, 425, 1),
(3142, 54, 0, 425, 1),
(3143, 69, 0, 425, 1),
(3144, 70, 0, 425, 0),
(3145, 71, 0, 425, 0),
(3146, 149, 0, 425, 0),
(3147, 154, 0, 425, 1),
(3148, 46, 0, 426, 1),
(3149, 54, 0, 426, 1),
(3150, 69, 0, 426, 1),
(3151, 70, 0, 426, 0),
(3152, 71, 0, 426, 0),
(3153, 149, 0, 426, 0),
(3154, 154, 0, 426, 1),
(3155, 46, 0, 427, 1),
(3156, 54, 0, 427, 1),
(3157, 69, 0, 427, 1),
(3158, 70, 0, 427, 0),
(3159, 71, 0, 427, 0),
(3160, 149, 0, 427, 0),
(3161, 154, 0, 427, 1),
(3162, 46, 0, 428, 1),
(3163, 54, 0, 428, 1),
(3164, 69, 0, 428, 1),
(3165, 70, 0, 428, 0),
(3166, 71, 0, 428, 0),
(3167, 149, 0, 428, 0),
(3168, 154, 0, 428, 1),
(3169, 46, 0, 429, 1),
(3170, 54, 0, 429, 1),
(3171, 69, 0, 429, 1),
(3172, 70, 0, 429, 0),
(3173, 71, 0, 429, 0),
(3174, 149, 0, 429, 0),
(3175, 154, 0, 429, 1),
(3176, 46, 0, 430, 1),
(3177, 54, 0, 430, 1),
(3178, 69, 0, 430, 1),
(3179, 70, 0, 430, 0),
(3180, 71, 0, 430, 0),
(3181, 149, 0, 430, 0),
(3182, 154, 0, 430, 1),
(3183, 46, 0, 431, 1),
(3184, 54, 0, 431, 1),
(3185, 69, 0, 431, 1),
(3186, 70, 0, 431, 0),
(3187, 71, 0, 431, 0),
(3188, 149, 0, 431, 0),
(3189, 154, 0, 431, 1),
(3190, 46, 0, 432, 1),
(3191, 54, 0, 432, 1),
(3192, 69, 0, 432, 1),
(3193, 70, 0, 432, 0),
(3194, 71, 0, 432, 0),
(3195, 149, 0, 432, 0),
(3196, 154, 0, 432, 1),
(3197, 46, 0, 433, 1),
(3198, 54, 0, 433, 1),
(3199, 69, 0, 433, 1),
(3200, 70, 0, 433, 0),
(3201, 71, 0, 433, 0),
(3202, 149, 0, 433, 0),
(3203, 154, 0, 433, 1),
(3204, 46, 0, 434, 1),
(3205, 54, 0, 434, 1),
(3206, 69, 0, 434, 1),
(3207, 70, 0, 434, 0),
(3208, 71, 0, 434, 0),
(3209, 149, 0, 434, 0),
(3210, 154, 0, 434, 1),
(3211, 46, 0, 435, 1),
(3212, 54, 0, 435, 1),
(3213, 69, 0, 435, 1),
(3214, 70, 0, 435, 0),
(3215, 71, 0, 435, 0),
(3216, 149, 0, 435, 0),
(3217, 154, 0, 435, 1),
(3218, 46, 0, 436, 1),
(3219, 54, 0, 436, 1),
(3220, 69, 0, 436, 1),
(3221, 70, 0, 436, 0),
(3222, 71, 0, 436, 0),
(3223, 149, 0, 436, 0),
(3224, 154, 0, 436, 1),
(3225, 46, 0, 437, 1),
(3226, 54, 0, 437, 1),
(3227, 69, 0, 437, 1),
(3228, 70, 0, 437, 0),
(3229, 71, 0, 437, 0),
(3230, 149, 0, 437, 0),
(3231, 154, 0, 437, 1),
(3232, 46, 0, 438, 1),
(3233, 54, 0, 438, 1),
(3234, 69, 0, 438, 1),
(3235, 70, 0, 438, 0),
(3236, 71, 0, 438, 0),
(3237, 149, 0, 438, 0),
(3238, 154, 0, 438, 1),
(3239, 46, 0, 439, 1),
(3240, 54, 0, 439, 1),
(3241, 69, 0, 439, 1),
(3242, 70, 0, 439, 0),
(3243, 71, 0, 439, 0),
(3244, 149, 0, 439, 0),
(3245, 154, 0, 439, 1),
(3246, 53, 0, 279, NULL),
(3247, 53, 0, 282, NULL),
(3248, 53, 0, 283, NULL),
(3249, 53, 0, 286, NULL),
(3250, 53, 0, 291, NULL),
(3251, 53, 0, 292, NULL),
(3252, 53, 0, 297, NULL),
(3253, 53, 0, 298, NULL),
(3254, 53, 0, 301, NULL),
(3255, 53, 0, 305, NULL),
(3256, 53, 0, 306, NULL),
(3257, 53, 0, 307, NULL),
(3258, 53, 0, 308, NULL),
(3259, 53, 0, 277, 122),
(3260, 53, 0, 280, NULL),
(3261, 53, 0, 360, NULL),
(3262, 53, 0, 398, NULL),
(3263, 53, 0, 425, NULL),
(3264, 53, 0, 439, NULL);